------------ENERGÍAS DISTANCIAS CON MOLÉCULA EN HORIZONTAL-------------

Para una mejor visualización del potencial de morse
se recomienda graficar solo desde 2.2 a 5.0

___________________________________________
➡️---------------top----------------------

	En Rydberg
	5.0  -625.65888710
	4.5  -625.65935851
	4.0  -625.66017844
	3.5  -625.66141766
	3.0  -625.66204391
	2.8  -625.66101112
	2.6  -625.65790367
	2.4  -625.65083750
	2.2  -625.63663429
	2.0  -625.61017361
	1.8  -625.56371414
	1.4  -625.36977419
	---------------------------------
	En meV con la diferencia
	2.2  302.7642177561
	2.4  109.5201391311
	2.6  13.38021646134
	2.8 -28.89869880683
	3.0 -42.95049075767
	3.5 -34.42994475185
	4.0 -17.56953593483
	4.5  -6.41384525691
	5.0               0
	---------------------------------
	
	
___________________________________________
➡️---------------Bridge----------------------


	En Rydberg
	5.0  -625.65888710
	4.5  -625.65935851
	4.0  -625.66017844
	3.5  -625.66141766
	3.0  -625.66204391
	2.8  -625.66101112
	2.6  -625.65790367
	2.4  -625.65083750
	2.2  -625.63663429
	2.0  -625.61017361
	1.8  -625.56371414
	1.4  -625.36977419
	---------------------------------
	En meV con la diferencia
	2.2  302.7642177561
	2.4  109.5201391311
	2.6  13.38021646134
	2.8 -28.89869880683
	3.0 -42.95049075767
	3.5 -34.42994475185
	4.0 -17.56953593483
	4.5  -6.41384525691
	5.0               0
	---------------------------------
	
___________________________________________
➡️---------------Sixhollow----------------------


	En Rydberg	
	5.0  -625.65889007
	4.5  -625.65936156
	4.0  -625.66019536
	3.5  -625.66153347
	3.0  -625.66280114
	2.8  -625.66256957
	2.6  -625.66104301
	2.4  -625.65703321
	2.2  -625.64859390
	2.0  -625.63268552
	1.8  -625.60483779
	1.4  -625.48758120
	---------------------------------
	En meV con la diferencia
	2.2  140.0862118496
	2.4  25.26381007044
	2.6  -29.2921745598
	2.8 -50.06203437783
	3.0 -53.21269759451
	3.5 -35.96520768468
	4.0 -17.75933492423
	4.5 -6.414933710756
	5.0               0
	----------------------------------	
	
	
___________________________________________
➡️---------------Bridge2----------------------


	En Rydberg
	5.0  -625.65888808
	4.5  -625.65935952
	4.0  -625.66018332
	3.5  -625.66145206
	3.0  -625.66228864
	2.8  -625.66152998
	2.6  -625.65897782
	2.4  -625.65301213
	2.2  -625.64094013
	2.0  -625.61848850
	1.8  -625.57928443
	1.4  -625.41519501
	---------------------------------
	En meV con la diferencia
	2.2  244.1937464106
	2.4  79.94619130459
	2.6 -1.220972133758
	2.8 -35.94479919053
	3.0 -46.26687094096
	3.5 -34.88464598572
	4.0 -17.62259801807
	4.5 -6.414253427102
	5.0               0

____________________________________________
➡️---------------Baricentro----------------

	En Rydberg
	5.0  -625.65888768
	4.5  -625.65935936
	4.0  -625.66018316
	3.5  -625.66144719
	3.0  -625.66223185
	2.8  -625.66139770
	2.6  -625.65868281
	2.4  -625.65237745
	2.2  -625.63961272
	2.0  -625.61578854
	1.8  -625.57396029
	1.4  -625.39769985
	----------------------------
	En meV con la diferencia
	2.2  262.2485963205
	2.4  88.57599077862
	2.6  2.787392033192
	2.8 -34.15048444801
	3.0 -45.49964764397
	3.5 -34.82382867501
	4.0 -17.62586337652
	4.5 -6.417518787094
	5.0               0
-----------------------------


